[gd_scene load_steps=53 format=3 uid="uid://df12t2ns8g3t"]

[ext_resource type="Script" path="res://Scripts/world.gd" id="1_2tgoh"]
[ext_resource type="Material" uid="uid://bqtcicoo80scm" path="res://Assets/Materials/Wall.tres" id="2_7wvqw"]
[ext_resource type="PackedScene" uid="uid://b8vb5yl80oh1s" path="res://ImportedObjects/table.tscn" id="2_30swa"]
[ext_resource type="Material" uid="uid://dwwvlcqxhu1gc" path="res://Assets/Materials/StoneFloor.tres" id="3_epals"]
[ext_resource type="PackedScene" uid="uid://dqy18kkgelm8v" path="res://ImportedObjects/player.tscn" id="4_cw8sr"]
[ext_resource type="PackedScene" uid="uid://nr2e8757jpna" path="res://ImportedObjects/Door.tscn" id="5_34pwe"]
[ext_resource type="PackedScene" uid="uid://bqvpproeejs4u" path="res://Scenes/cutscene_manager.tscn" id="6_446tq"]
[ext_resource type="PackedScene" uid="uid://b16gqirq5hxue" path="res://ImportedObjects/Candle.tscn" id="7_mnoly"]
[ext_resource type="PackedScene" uid="uid://2dugpd4qs2xb" path="res://ImportedObjects/book.tscn" id="8_icvhi"]
[ext_resource type="PackedScene" path="res://Scenes/PauseMenu.tscn" id="8_norkc"]
[ext_resource type="PackedScene" uid="uid://po76gtlg002g" path="res://Assets/Models/Bookshelf.blend" id="9_no30s"]
[ext_resource type="PackedScene" uid="uid://bhh7ts8bacggu" path="res://ImportedObjects/Meat.tscn" id="9_okdy8"]
[ext_resource type="AudioStream" uid="uid://ci4rx4y2axuyh" path="res://Assets/Sounds/music'/ISLH_Ambience.mp3" id="9_tsj3l"]
[ext_resource type="PackedScene" uid="uid://dvnh0jx1xboer" path="res://ImportedObjects/book2.tscn" id="10_jyrlh"]
[ext_resource type="PackedScene" uid="uid://cqqhsh851xomy" path="res://ImportedObjects/Key.tscn" id="10_ogspy"]
[ext_resource type="PackedScene" uid="uid://bbfjf4t2g3wo2" path="res://ImportedObjects/notes.tscn" id="11_le4nv"]
[ext_resource type="Texture2D" uid="uid://f41xkbcnnmkw" path="res://Assets/Textures/MessyTile.png" id="11_vf5qw"]
[ext_resource type="ArrayMesh" uid="uid://df3mtexkoggrv" path="res://Assets/Models/Furnace.obj" id="12_28pbo"]
[ext_resource type="Texture2D" uid="uid://v4hlw4tp3008" path="res://Assets/Textures/2Dprops/Friepit.png" id="13_5atqt"]
[ext_resource type="Texture2D" uid="uid://twvt6vvemsru" path="res://Assets/Textures/2Dprops/Carpet.png" id="14_f8ccd"]
[ext_resource type="Texture2D" uid="uid://cbosur4whvt7h" path="res://Assets/Textures/2Dprops/Skillet.png" id="14_io47d"]
[ext_resource type="Texture2D" uid="uid://ll2g6c7p2gdn" path="res://Assets/Textures/2Dprops/ISLH_CoatHanger.png" id="15_tqlpo"]
[ext_resource type="Texture2D" uid="uid://u7x53y48bhxl" path="res://Assets/Textures/2Dprops/Candle Stand.png" id="16_44lgj"]
[ext_resource type="ArrayMesh" uid="uid://dxurxhbbon4xf" path="res://Assets/Models/WallScone.obj" id="16_jshgn"]
[ext_resource type="Texture2D" uid="uid://dlt8bfsva3y7u" path="res://Assets/Textures/2Dprops/Candle.png" id="17_aty35"]
[ext_resource type="Texture2D" uid="uid://kyjfn54b524n" path="res://Assets/Textures/NoteSheet.webp" id="17_x6hj1"]
[ext_resource type="Texture2D" uid="uid://54t75fbc6s06" path="res://Assets/Textures/2Dprops/ScatterPaper.png" id="18_ctbhi"]
[ext_resource type="PackedScene" uid="uid://cn7rebo66kod4" path="res://ImportedObjects/window.tscn" id="18_qhq5a"]
[ext_resource type="PackedScene" uid="uid://qjktldr3nig8" path="res://ImportedObjects/box.tscn" id="19_7o7h2"]
[ext_resource type="Texture2D" uid="uid://cv2euf5fdxr13" path="res://Assets/Textures/InkWell.png" id="19_q587o"]
[ext_resource type="PackedScene" uid="uid://bjlypnomtiser" path="res://Assets/Models/Shelf.blend" id="22_m1t42"]
[ext_resource type="AudioStream" uid="uid://beyqg0374xwdu" path="res://Assets/Sounds/fire-place-189399.mp3" id="23_y6wwk"]
[ext_resource type="PackedScene" uid="uid://bu4x0uryvyf2i" path="res://ImportedObjects/stairs.tscn" id="24_c34la"]
[ext_resource type="PackedScene" uid="uid://c5til5dwfesyr" path="res://ImportedObjects/exitDoor.tscn" id="26_6hgfj"]
[ext_resource type="Texture2D" uid="uid://btd5pdb7vipx8" path="res://Assets/Textures/2Dprops/TableCloth.png" id="28_sbcct"]
[ext_resource type="Texture2D" uid="uid://b5wvqltyib8ow" path="res://Assets/Textures/2Dprops/Chandelier.png" id="29_kmrse"]
[ext_resource type="Texture2D" uid="uid://b5sceuueek72s" path="res://Assets/Textures/2Dprops/Books.png" id="30_nwtlw"]
[ext_resource type="PackedScene" uid="uid://qt5vuxe6mcs" path="res://Assets/Models/Chair.glb" id="30_wejwc"]
[ext_resource type="Texture2D" uid="uid://i7r2vt1hkaa6" path="res://Assets/Textures/2Dprops/FlowerPot.png" id="31_342m2"]
[ext_resource type="Texture2D" uid="uid://hw8m4dq7o35w" path="res://Assets/Textures/2Dprops/PotHook.png" id="32_147ev"]
[ext_resource type="PackedScene" uid="uid://cm3x0t752d6m3" path="res://Assets/Models/ComfyCouch.glb" id="38_66jh7"]
[ext_resource type="PackedScene" uid="uid://cmdhh7qxnqrwc" path="res://Assets/Models/ComfyChair.glb" id="39_yhn6p"]
[ext_resource type="Texture2D" uid="uid://q3w5j83l736r" path="res://Assets/Textures/2Dprops/Carpet2.png" id="40_e8q6k"]
[ext_resource type="Texture2D" uid="uid://70hs5qdhkspq" path="res://Assets/Textures/2Dprops/Boxes.png" id="41_g4swr"]
[ext_resource type="Texture2D" uid="uid://br1r1pw7tcaq4" path="res://Assets/Textures/2Dprops/Cross.png" id="42_cp7tk"]
[ext_resource type="Texture2D" uid="uid://cxr7gf2ugqsbh" path="res://Assets/Textures/2Dprops/Bucket.png" id="44_344mi"]

[sub_resource type="ProceduralSkyMaterial" id="ProceduralSkyMaterial_0ly1j"]
sky_top_color = Color(0.163791, 0.103618, 0.111319, 1)
sky_horizon_color = Color(0, 0, 0, 1)
sky_curve = 0.344609
sky_cover_modulate = Color(0.0177324, 0.0177324, 0.0177324, 1)
ground_bottom_color = Color(0, 0, 0, 1)
ground_horizon_color = Color(0, 0, 0, 1)
ground_curve = 1.28

[sub_resource type="Sky" id="Sky_u6nfc"]
sky_material = SubResource("ProceduralSkyMaterial_0ly1j")

[sub_resource type="Environment" id="Environment_gymtj"]
background_mode = 2
sky = SubResource("Sky_u6nfc")
ambient_light_source = 3
tonemap_mode = 2
glow_enabled = true
fog_enabled = true
fog_mode = 1
fog_light_color = Color(0.437363, 0.302813, 0.208281, 1)
fog_light_energy = 0.15
fog_density = 1.0
fog_sky_affect = 0.275
fog_height = 20.28
fog_height_density = -16.0
fog_depth_curve = 0.450625
fog_depth_begin = -9.0
fog_depth_end = 809.5
volumetric_fog_density = 0.0421
volumetric_fog_albedo = Color(0.792866, 0.529766, 0.31005, 1)
volumetric_fog_emission = Color(0.163436, 0.0997671, 0.193719, 1)
volumetric_fog_emission_energy = 55.4
volumetric_fog_gi_inject = 0.61
volumetric_fog_anisotropy = -0.9
volumetric_fog_length = 1024.0
volumetric_fog_detail_spread = 1.21838
volumetric_fog_ambient_inject = 0.84
volumetric_fog_sky_affect = 0.0
adjustment_enabled = true
adjustment_brightness = 0.66
adjustment_contrast = 1.08
adjustment_saturation = 0.45

[sub_resource type="StandardMaterial3D" id="StandardMaterial3D_7rogk"]
albedo_texture = ExtResource("11_vf5qw")

[sub_resource type="StandardMaterial3D" id="StandardMaterial3D_ad5yk"]
albedo_texture = ExtResource("11_vf5qw")

[sub_resource type="StandardMaterial3D" id="StandardMaterial3D_vcn2n"]
albedo_texture = ExtResource("17_x6hj1")

[node name="World" type="Node3D"]
script = ExtResource("1_2tgoh")

[node name="DirectionalLight3D" type="DirectionalLight3D" parent="."]
transform = Transform3D(-0.866025, -0.433013, 0.25, 0, 0.5, 0.866025, -0.5, 0.75, -0.433013, 0, 0, 0)
visible = false
shadow_enabled = true

[node name="WorldEnvironment" type="WorldEnvironment" parent="."]
environment = SubResource("Environment_gymtj")

[node name="Player" parent="." instance=ExtResource("4_cw8sr")]
unique_name_in_owner = true
transform = Transform3D(1.29717, 0, -0.0856577, 0, 1.3, 0, 0.0856577, 0, 1.29717, -9.98934, -0.0830048, -1.01356)

[node name="Ambeince" type="AudioStreamPlayer3D" parent="Player"]
process_mode = 3
transform = Transform3D(1, 0, 0, 0, 1, 0, 0, 0, 1, 1.27161, -0.488518, -1.14444)
stream = ExtResource("9_tsj3l")
volume_db = -22.592
unit_size = 100.0
pitch_scale = 0.85
autoplay = true

[node name="MaddieTimer" type="Timer" parent="."]
autostart = true

[node name="Items" type="Node" parent="."]

[node name="Note" parent="Items" instance=ExtResource("11_le4nv")]
transform = Transform3D(-0.776992, 0, -0.629511, 0, 1, 0, 0.629511, 0, -0.776992, -6.67726, 1.22275, -1.62158)
note = "Dearest Tom,

I appreciate all the letters I have been receiving from you, but please know that you have stepped one foot into your grave. You may say that the church will help but I assure you I can not be saved. I love you and I fear what I am, I do not want to hurt anyone else but I know I will. Please protect yourself and stay away from me, you do not deserve my burdens.

Your Love,
Madeline K. Highgarden"

[node name="Note2" parent="Items" instance=ExtResource("11_le4nv")]
transform = Transform3D(-0.961951, 0, 0.27322, 0, 1, 0, -0.27322, 0, -0.961951, -1.46428, 1.80745, -22.1148)
note = "Dear Madeline

You are under strict rule of the church to remain in doors at all cost during night. The church has decided that you will forfeit your freedom each night for the protection of others until a time may come when God cast your demons aside.

God be with you,
Father Lucian"

[node name="Note3" parent="Items" instance=ExtResource("11_le4nv")]
transform = Transform3D(0.602985, 0, -0.797752, 0, 1, 0, 0.797752, 0, 0.602985, 8.25776, 1.81661, -26.7435)
note = "Dear Thomas

I hope that your sweet Madeline is feeling better. Me and your father had heard she’d been attacked by some mangy street mutt and wanted to send well wishes, we’re truly worried about her. I’ve heard whispers she’s come down with some sort of plague but I assume it’s all hogwash, in the end everything will find it’s place I’m sure of this. Keep your chin high and your spirits higher. And if things get worse remember that the church is alway there to help good people in need.

Yours Dearly
Mother"

[node name="Door" parent="Items" instance=ExtResource("5_34pwe")]
transform = Transform3D(0.999432, 0, 0.0337134, 0, 0.867407, 0, -0.0337134, 0, 0.999432, 2.22281, 1.54782, -3.34751)

[node name="OmniLight3D" type="OmniLight3D" parent="Items/Door"]
transform = Transform3D(1, 0, -3.72529e-09, 0, 1.15286, 0, 3.72529e-09, 0, 1, -0.865343, 0.01364, -0.00629663)
light_color = Color(0.423529, 0, 0, 1)
light_energy = 3.548
light_indirect_energy = 0.0
light_volumetric_fog_energy = 0.0
light_specular = 0.0

[node name="Book" parent="Items" instance=ExtResource("8_icvhi")]
transform = Transform3D(0.5, 0, 0, 0, 0.5, 0, 0, 0, 0.5, 8.09239, 6.3964, -9.64819)
visible = false

[node name="SyringeSpawnPos" type="Marker3D" parent="Items"]
transform = Transform3D(1, 0, 0, 0, 1, 0, 0, 0, 1, -12.4544, 2.21985, -2.94981)

[node name="Candle" parent="Items" instance=ExtResource("7_mnoly")]
transform = Transform3D(0.555, 0, 0, 0, 0.555, 0, 0, 0, 0.555, 11.6151, 5.91577, -35.2034)

[node name="OmniLight3D" type="OmniLight3D" parent="Items/Candle"]
transform = Transform3D(2.04082, 0, 0, 0, 2.04082, 0, 0, 0, 2.04082, 0, 0.935474, 0)
light_color = Color(0.712316, 0.214732, 0.341403, 1)
light_energy = 0.105

[node name="Book2" parent="Items" instance=ExtResource("10_jyrlh")]
transform = Transform3D(0.345088, 0, 0, 0, 0.350963, 0, 0, 0, 0.5, 3.50172, 6.37301, -18.8842)
visible = false

[node name="OmniLight3D" type="OmniLight3D" parent="Items/Book2"]
transform = Transform3D(2.89781, 0, 0, 0, 2.8493, 0, 0, 0, 2, 0, 0.935474, 0.476467)
light_color = Color(0.712316, 0.214732, 0.341403, 1)
light_energy = 0.105

[node name="Meat" parent="Items" instance=ExtResource("9_okdy8")]
transform = Transform3D(1, 0, 0, 0, 1, 0, 0, 0, 1, 11.6235, 2.86128, -14.4374)
visible = false

[node name="OmniLight3D" type="OmniLight3D" parent="Items/Meat"]
transform = Transform3D(2.04082, 0, 0, 0, 2.04082, 0, 0, 0, 2.04082, 0, 0.935474, 0)
light_color = Color(0.712316, 0.214732, 0.341403, 1)
light_energy = 0.105

[node name="Key" parent="Items" instance=ExtResource("10_ogspy")]
transform = Transform3D(1, 0, 0, 0, 1, 0, 0, 0, 1, -0.941802, -4.21616, -28.4196)
visible = false

[node name="Walls" type="Node" parent="."]

[node name="Wall" type="CSGBox3D" parent="Walls"]
transform = Transform3D(0.00863932, -0.999963, 5.25576e-06, -4.71437e-06, -5.29577e-06, -1, 0.999963, 0.00863932, -4.75893e-06, 2.23553, 2.07604, -3.11613)
use_collision = true
size = Vector3(9.05884, 0.001, 4)
material = ExtResource("2_7wvqw")

[node name="Wall2" type="CSGBox3D" parent="Walls"]
transform = Transform3D(-0.999981, 0.0060652, 0.000701164, -0.000700815, 5.98129e-05, -1, -0.00606525, -0.999982, -5.55646e-05, -5.61037, 2.02841, 1.28999)
use_collision = true
size = Vector3(16, 0.001, 4)
material = ExtResource("2_7wvqw")

[node name="Wall4" type="CSGBox3D" parent="Walls"]
transform = Transform3D(-0.999981, 0.0060652, 0.000701164, -0.000700815, 5.98129e-05, -1, -0.00606525, -0.999982, -5.55646e-05, -0.961925, 2.03169, -8.14951)
use_collision = true
size = Vector3(6.70898, 1, 4)
material = ExtResource("2_7wvqw")

[node name="Wall6" type="CSGBox3D" parent="Walls"]
transform = Transform3D(0.00606529, 0.999982, 5.55646e-05, -0.000700815, 5.98129e-05, -1, -0.999981, 0.00606524, 0.000701164, 1.9047, 2.03019, -14.1503)
use_collision = true
size = Vector3(11, 1, 4)
material = ExtResource("2_7wvqw")

[node name="Wall29" type="CSGBox3D" parent="Walls"]
transform = Transform3D(0.00606529, 0.999982, 5.55646e-05, -0.000700815, 5.98129e-05, -1, -0.999981, 0.00606524, 0.000701164, 1.80618, 5.98181, -23.8041)
use_collision = true
size = Vector3(30.305, 0.940308, 4)
material = ExtResource("2_7wvqw")

[node name="Wall17" type="CSGBox3D" parent="Walls"]
transform = Transform3D(0.00606529, 0.999982, 5.55646e-05, -0.000700815, 5.98129e-05, -1, -0.999981, 0.00606524, 0.000701164, 1.84739, 2.19888, -30.1698)
use_collision = true
size = Vector3(7, 1, 4.40396)
material = ExtResource("2_7wvqw")

[node name="Wall34" type="CSGBox3D" parent="Walls"]
transform = Transform3D(0.00606529, 0.999982, 5.55646e-05, -0.000700815, 5.98129e-05, -1, -0.999981, 0.00606524, 0.000701164, 1.89562, 4.1204, -34.6738)
use_collision = true
size = Vector3(2.04395, 1, 0.57312)
material = ExtResource("2_7wvqw")

[node name="Wall36" type="CSGBox3D" parent="Walls"]
transform = Transform3D(0.00606529, 0.999982, 5.55646e-05, -0.000700815, 5.98129e-05, -1, -0.999981, 0.00606524, 0.000701164, 1.84736, 4.1204, -25.6738)
use_collision = true
size = Vector3(2.04395, 1, 0.57312)
material = ExtResource("2_7wvqw")

[node name="Wall35" type="CSGBox3D" parent="Walls"]
transform = Transform3D(0.999981, -0.00606519, -0.000701164, -0.000700815, 5.98129e-05, -1, 0.00606525, 0.999982, 5.55647e-05, 7.44381, 7.74816, -20.1956)
use_collision = true
size = Vector3(2.04395, 1, 0.57312)
material = ExtResource("2_7wvqw")

[node name="Wall20" type="CSGBox3D" parent="Walls"]
transform = Transform3D(0.00606529, 0.999982, 5.55646e-05, -0.000700815, 5.98129e-05, -1, -0.999981, 0.00606524, 0.000701164, 1.82171, 2.03264, -22.6504)
use_collision = true
size = Vector3(4, 1, 4)
material = ExtResource("2_7wvqw")

[node name="Wall18" type="CSGBox3D" parent="Walls"]
transform = Transform3D(0.00606529, 0.999982, 5.55646e-05, -0.000700815, 5.98129e-05, -1, -0.999981, 0.00606524, 0.000701164, 1.89753, 2.19673, -39.1696)
use_collision = true
size = Vector3(7, 0.948242, 4.40527)
material = ExtResource("2_7wvqw")

[node name="Wall12" type="CSGBox3D" parent="Walls"]
transform = Transform3D(0.999981, -0.00606529, -0.000701164, -0.000700815, 5.98129e-05, -1, 0.00606534, 0.999982, 5.55646e-05, 7.40471, 2.03054, -8.15338)
use_collision = true
size = Vector3(10, 1, 4)
material = ExtResource("2_7wvqw")

[node name="Wall19" type="CSGBox3D" parent="Walls"]
transform = Transform3D(0.999981, -0.00606529, -0.000701164, -0.000700815, 5.98129e-05, -1, 0.00606534, 0.999982, 5.55646e-05, 7.40471, 6.03054, -8.15338)
use_collision = true
size = Vector3(12, 1, 4)
material = ExtResource("2_7wvqw")

[node name="Wall16" type="CSGBox3D" parent="Walls"]
transform = Transform3D(0.999981, -0.00606529, -0.000701164, -0.000700815, 5.98129e-05, -1, 0.00606534, 0.999982, 5.55646e-05, 0.404562, 2.02494, -43.1049)
use_collision = true
size = Vector3(26, 1, 4)
material = ExtResource("2_7wvqw")

[node name="Wall25" type="CSGBox3D" parent="Walls"]
transform = Transform3D(0.999981, -0.00606529, -0.000701164, -0.000700815, 5.98129e-05, -1, 0.00606534, 0.999982, 5.55646e-05, 0.404562, 6.02494, -43.1049)
use_collision = true
size = Vector3(26, 1, 4)
material = ExtResource("2_7wvqw")

[node name="Wall15" type="CSGBox3D" parent="Walls"]
transform = Transform3D(0.00606529, 0.999982, 5.55646e-05, -0.000700815, 5.98129e-05, -1, -0.999981, 0.00606524, 0.000701164, 12.9736, 2.02178, -25.2015)
use_collision = true
size = Vector3(35, 1, 4)
material = ExtResource("2_7wvqw")

[node name="Wall27" type="CSGBox3D" parent="Walls"]
transform = Transform3D(0.00606529, 0.999982, 5.55646e-05, -0.000700815, 5.98129e-05, -1, -0.999981, 0.00606524, 0.000701164, 12.9766, 6.02143, -25.7015)
use_collision = true
size = Vector3(34, 1, 4)
material = ExtResource("2_7wvqw")

[node name="Wall13" type="CSGBox3D" parent="Walls"]
transform = Transform3D(0.999981, -0.00606529, -0.000701164, -0.000700815, 5.98129e-05, -1, 0.00606534, 0.999982, 5.55646e-05, 4.40477, 2.03264, -20.1716)
use_collision = true
size = Vector3(4, 1, 4)
material = ExtResource("2_7wvqw")

[node name="Wall31" type="CSGBox3D" parent="Walls"]
transform = Transform3D(0.999981, -0.00606529, -0.000701164, -0.000700815, 5.98129e-05, -1, 0.00606534, 0.999982, 5.55646e-05, 4.40477, 6.03264, -20.1716)
use_collision = true
size = Vector3(4, 1, 4)
material = ExtResource("2_7wvqw")

[node name="Wall14" type="CSGBox3D" parent="Walls"]
transform = Transform3D(0.999981, -0.00606529, -0.000701164, -0.000700815, 5.98129e-05, -1, 0.00606534, 0.999982, 5.55646e-05, 10.4492, 2.03264, -20.1716)
use_collision = true
size = Vector3(4, 1, 4)
material = ExtResource("2_7wvqw")

[node name="Wall30" type="CSGBox3D" parent="Walls"]
transform = Transform3D(0.999981, -0.00606529, -0.000701164, -0.000700815, 5.98129e-05, -1, 0.00606534, 0.999982, 5.55646e-05, 10.4492, 6.03264, -20.1716)
use_collision = true
size = Vector3(4, 1, 4)
material = ExtResource("2_7wvqw")

[node name="Wall8" type="CSGBox3D" parent="Walls"]
transform = Transform3D(-0.999981, 0.0060652, 0.000701164, -0.000700815, 5.98129e-05, -1, -0.00606525, -0.999982, -5.55647e-05, -2.13562, 2.03157, -20.1148)
use_collision = true
size = Vector3(9.08057, 1, 4)
material = ExtResource("2_7wvqw")

[node name="Wall21" type="CSGBox3D" parent="Walls"]
transform = Transform3D(0.00606529, 0.999982, 5.55647e-05, -0.000700815, 5.98129e-05, -1, -0.999981, 0.00606524, 0.000701164, 1.91123, -2.42912, -21.215)
use_collision = true
size = Vector3(18, 1, 4.91992)
material = ExtResource("2_7wvqw")

[node name="Wall22" type="CSGBox3D" parent="Walls"]
transform = Transform3D(0.00606529, 0.999982, 5.55647e-05, -0.000700815, 5.98129e-05, -1, -0.999981, 0.00606524, 0.000701164, -7.09148, -2.69903, -20.7756)
use_collision = true
size = Vector3(18.2744, 1, 4.45264)
material = ExtResource("2_7wvqw")

[node name="Wall23" type="CSGBox3D" parent="Walls"]
transform = Transform3D(0.999981, -0.00606519, -0.000701164, -0.000700815, 5.98129e-05, -1, 0.00606525, 0.999982, 5.55647e-05, -2.4488, -2.78091, -29.9999)
use_collision = true
size = Vector3(10, 1, 4.51953)
material = ExtResource("2_7wvqw")

[node name="Wall24" type="CSGBox3D" parent="Walls"]
transform = Transform3D(0.999981, -0.00606519, -0.000701164, -0.000700815, 5.98129e-05, -1, 0.00606525, 0.999982, 5.55647e-05, -2.44917, -2.68004, -12.0189)
use_collision = true
size = Vector3(10, 1, 4.55457)
material = ExtResource("2_7wvqw")

[node name="Wall9" type="CSGBox3D" parent="Walls"]
transform = Transform3D(-0.999981, 0.0060652, 0.000701164, -0.000700815, 5.98129e-05, -1, -0.00606525, -0.999982, -5.55647e-05, -2.59532, 2.03124, -30.1413)
use_collision = true
size = Vector3(8, 1, 4)
material = ExtResource("2_7wvqw")

[node name="Wall10" type="CSGBox3D" parent="Walls"]
transform = Transform3D(-0.00606521, -0.999982, -5.55646e-05, -0.000700815, 5.98129e-05, -1, 0.999981, -0.00606515, -0.000701164, -7.10746, 2.03019, -22.1383)
use_collision = true
size = Vector3(5, 1, 4)
material = ExtResource("2_7wvqw")

[node name="Wall11" type="CSGBox3D" parent="Walls"]
transform = Transform3D(-0.00606521, -0.999982, -5.55646e-05, -0.000700815, 5.98129e-05, -1, 0.999981, -0.00606515, -0.000701164, -7.10443, 2.03054, -28.6382)
use_collision = true
size = Vector3(4, 1, 4)
material = ExtResource("2_7wvqw")

[node name="Wall7" type="CSGBox3D" parent="Walls"]
transform = Transform3D(0.00606529, 0.999982, 5.55646e-05, -0.000700815, 5.98129e-05, -1, -0.999981, 0.00606524, 0.000701164, -13.0225, 2.02178, -26.1501)
use_collision = true
size = Vector3(35, 1, 4)
material = ExtResource("2_7wvqw")

[node name="Wall26" type="CSGBox3D" parent="Walls"]
transform = Transform3D(0.00606529, 0.999982, 5.55646e-05, -0.000700815, 5.98129e-05, -1, -0.999981, 0.00606524, 0.000701164, -12.9589, 6.01469, -36.652)
use_collision = true
size = Vector3(14, 1, 4)
material = ExtResource("2_7wvqw")

[node name="Wall5" type="CSGBox3D" parent="Walls"]
transform = Transform3D(-0.999981, 0.0060652, 0.000701164, -0.000700815, 5.98129e-05, -1, -0.00606525, -0.999982, -5.55646e-05, -10.2029, 2.03152, -8.15097)
use_collision = true
size = Vector3(6.80908, 1, 4)
material = ExtResource("2_7wvqw")

[node name="Wall32" type="CSGBox3D" parent="Walls"]
transform = Transform3D(-0.999981, 0.0060652, 0.000701164, -0.000700815, 5.98129e-05, -1, -0.00606525, -0.999982, -5.55646e-05, -5.60751, 6.03475, -30.1231)
use_collision = true
size = Vector3(14, 1, 4)
material = ExtResource("2_7wvqw")

[node name="Wall3" type="CSGBox3D" parent="Walls"]
transform = Transform3D(0.0123615, 0.999923, 0.00123656, 0.0025345, 0.00120534, -0.999996, -0.99992, 0.0123646, -0.00251941, -13.4936, 2.02106, -3.23811)
use_collision = true
size = Vector3(9, 0.001, 4)
material = ExtResource("2_7wvqw")

[node name="Floor" type="Node" parent="."]

[node name="StoneFloor" type="CSGBox3D" parent="Floor"]
transform = Transform3D(1, 0, 0, 0, 1, 0, 0, 0, 1, -7.98083, 0.00610255, -26.5378)
use_collision = true
size = Vector3(10.9092, 1, 36)
material = ExtResource("3_epals")

[node name="StoneFloor11" type="CSGBox3D" parent="Floor"]
transform = Transform3D(1, 0, 0, 0, 1, 0, 0, 0, 1, -2.86266, -5.46091, -20.2154)
use_collision = true
size = Vector3(10.9092, 1, 20.0444)
material = ExtResource("3_epals")

[node name="StoneFloor6" type="CSGBox3D" parent="Floor"]
transform = Transform3D(1, 0, 0, 0, 1, 0, 0, 0, 1, -5.93542, 0.00610255, -3.53774)
use_collision = true
size = Vector3(17, 1, 10)
material = ExtResource("3_epals")

[node name="StoneFloor4" type="CSGBox3D" parent="Floor"]
transform = Transform3D(1, 0, 0, 0, 1, 0, 0, 0, 1, -0.0262389, -0.00147609, -31.5378)
use_collision = true
size = Vector3(5, 0.979986, 26)
material = ExtResource("3_epals")

[node name="StoneFloor5" type="CSGBox3D" parent="Floor"]
transform = Transform3D(1, 0, 0, 0, 1, 0, 0, 0, 1, -0.0262389, -0.011483, -10.5378)
use_collision = true
size = Vector3(5, 1, 4)
material = ExtResource("3_epals")

[node name="StoneFloor2" type="CSGBox3D" parent="Floor"]
transform = Transform3D(1, 0, 0, 0, 1, 0, 0, 0, 1, 7.97376, 0.488017, -13.8209)
use_collision = true
size = Vector3(11, 0.001, 12.5662)
material = SubResource("StandardMaterial3D_7rogk")

[node name="StoneFloor10" type="CSGBox3D" parent="Floor"]
transform = Transform3D(1, 4.88821e-05, -0.00106333, -5.23238e-05, 0.999995, -0.00323262, 0.00106316, 0.00323267, 0.999994, 7.97376, 0.488017, -31.8349)
material_override = SubResource("StandardMaterial3D_ad5yk")
use_collision = true
size = Vector3(11, 0.001, 23.4058)
material = ExtResource("3_epals")

[node name="StoneFloor3" type="CSGBox3D" parent="Floor"]
transform = Transform3D(1, 0, 0, 0, 1, 0, 0, 0, 1, 7.40966, 4.20306, -25.9377)
use_collision = true
size = Vector3(10.1743, 0.420898, 35.0674)
material = ExtResource("3_epals")

[node name="StoneFloor7" type="CSGBox3D" parent="Floor"]
transform = Transform3D(1, 0, 0, 0, 1, 0, 0, 0, 1, -5.50318, 4.20306, -14.404)
use_collision = true
size = Vector3(16, 0.420898, 32)
material = ExtResource("3_epals")

[node name="StoneFloor8" type="CSGBox3D" parent="Floor"]
transform = Transform3D(1, 0, 0, 0, 1, 0, 0, 0, 1, 7.49682, 8.20306, -25.404)
use_collision = true
size = Vector3(12, 0.420898, 36)
material = ExtResource("3_epals")

[node name="StoneFloor9" type="CSGBox3D" parent="Floor"]
transform = Transform3D(1, 0, 0, 0, 1, 0, 0, 0, 1, -6.00318, 8.20306, -36.404)
use_collision = true
size = Vector3(15, 0.420898, 14)
material = ExtResource("3_epals")

[node name="Carpet" type="Sprite3D" parent="Floor"]
transform = Transform3D(1.36393, 0, 0, 0, 0.000751918, 1.00005, 0, -1.43618, 0.000523582, 7.3445, 0.517769, -30.93)
shaded = true
texture = ExtResource("14_f8ccd")

[node name="Lighting" type="Node" parent="."]

[node name="OmniLight3D" type="OmniLight3D" parent="Lighting"]
transform = Transform3D(1, 0, 0, 0, 1, 0, 0, 0, 1, -4.44802, 3.60053, -35.8583)
light_color = Color(1, 0.413421, 0.165001, 1)

[node name="SpotLight3D" type="SpotLight3D" parent="Lighting"]
transform = Transform3D(0.574136, 0.49139, -0.654907, -0.323932, 0.870939, 0.369503, 0.751955, -1.5565e-08, 0.659215, -7, 5.97365, -33.1001)
light_color = Color(0.706474, 0.249047, 0, 1)
light_energy = 6.231
light_indirect_energy = 2.371
light_size = 0.286
spot_range = 28.2776

[node name="SpotLight3D2" type="SpotLight3D" parent="Lighting"]
transform = Transform3D(0.822492, 0, -0.568777, 0, 1, 0, 0.568777, 0, 0.822492, -16.1213, 2.26702, -7.64328)
light_color = Color(0.682959, 0.220041, 0.137955, 1)
light_energy = 16.0
light_indirect_energy = 2.68
light_size = 1.0
light_specular = 0.0
spot_range = 22.2559
spot_angle = 43.5468

[node name="SpotLight3D3" type="SpotLight3D" parent="Lighting"]
transform = Transform3D(0.998353, 1.85958e-09, 0.0573724, -0.0278427, 0.874349, 0.484499, -0.0501635, -0.485298, 0.872909, -0.576103, 3.6907, -8.67875)
light_color = Color(0.467377, 0.136919, 0.0783988, 1)
light_energy = 16.0
light_indirect_energy = 0.0
light_size = 1.0
light_specular = 0.0
spot_range = 9.70168
spot_angle = 33.1248

[node name="OmniLight3D2" type="OmniLight3D" parent="Lighting"]
transform = Transform3D(1, 0, 0, 0, 1, 0, 0, 0, 1, -6.86564, 2.21244, -3.45174)
light_color = Color(0.127273, 0.0165782, 0, 1)
light_energy = 14.323
light_indirect_energy = 16.0
light_volumetric_fog_energy = 2.29
light_size = 12.335
light_specular = 0.0
omni_range = 14.5265

[node name="OmniLight3D3" type="OmniLight3D" parent="Lighting"]
transform = Transform3D(1, 0, 0, 0, 1, 0, 0, 0, 1, -1.72163, 2.56723, -25.5516)
light_color = Color(0.716556, 0.0930008, 0, 1)
light_energy = 0.848
omni_range = 18.426

[node name="SpotLight3D4" type="SpotLight3D" parent="Lighting"]
transform = Transform3D(1, 0, 0, 0, 0.0257233, 0.999669, 0, -0.999669, 0.0257233, -1.29953, -0.426797, -28.192)
light_color = Color(1, 0.666667, 0.364706, 1)
light_energy = 6.408

[node name="Props" type="Node" parent="."]

[node name="Table2" parent="Props" instance=ExtResource("2_30swa")]
transform = Transform3D(0.443, 0, 3.28952e-14, 0, 0.92, 0, -2.25581e-14, 0, 0.646, 11.7131, 4.55788, -28.2107)

[node name="Table13" parent="Props" instance=ExtResource("2_30swa")]
transform = Transform3D(0.443, 0, 3.28952e-14, 0, 0.92, 0, -2.25581e-14, 0, 0.646, 0.586941, 0.715744, -32.8535)

[node name="Table12" parent="Props" instance=ExtResource("2_30swa")]
transform = Transform3D(-3.04969e-08, 0, 0.646402, 0, 1, 0, -0.697687, 0, -2.82551e-08, -12.0239, 0.506103, -9.32982)

[node name="Table7" parent="Props" instance=ExtResource("2_30swa")]
transform = Transform3D(-3.04969e-08, 0, 0.646402, 0, 1, 0, -0.697687, 0, -2.82551e-08, 6.58646, 0.506103, -26.9276)

[node name="Table8" parent="Props" instance=ExtResource("2_30swa")]
transform = Transform3D(-3.04969e-08, 0, 0.646402, 0, 1, 0, -0.697687, 0, -2.82551e-08, 6.58646, 0.506103, -28.8172)

[node name="Table9" parent="Props" instance=ExtResource("2_30swa")]
transform = Transform3D(-3.04969e-08, 0, 0.646402, 0, 1, 0, -0.697687, 0, -2.82551e-08, 6.58646, 0.506103, -30.726)

[node name="Table10" parent="Props" instance=ExtResource("2_30swa")]
transform = Transform3D(-3.04969e-08, 0, 0.646402, 0, 1, 0, -0.697687, 0, -2.82551e-08, 6.58646, 0.506103, -32.6357)

[node name="Table11" parent="Props" instance=ExtResource("2_30swa")]
transform = Transform3D(-3.04969e-08, 0, 0.646402, 0, 1, 0, -0.697687, 0, -2.82551e-08, 6.58646, 0.506103, -34.5321)

[node name="Table6" parent="Props" instance=ExtResource("2_30swa")]
transform = Transform3D(0.697687, 0, -2.84217e-14, 0, 1, 0, -3.55271e-14, 0, 0.646402, -12.82, 0.47248, -4.28721)

[node name="Table5" parent="Props" instance=ExtResource("2_30swa")]
transform = Transform3D(-3.04969e-08, 0, 0.646402, 0, 1, 0, -0.697687, 0, -2.82551e-08, -3.3869, 0.506103, -21.3432)

[node name="Table3" parent="Props" instance=ExtResource("2_30swa")]
transform = Transform3D(-3.04969e-08, 0, 0.646402, 0, 1, 0, -0.697687, 0, -2.82551e-08, 7.43099, 4.32005, -9.4511)

[node name="Sprite3D" type="Sprite3D" parent="Props/Table3"]
transform = Transform3D(1, 0, 2.13163e-14, 0, 1, 0, 0, 0, 1, -0.625262, 1.60239, -0.376998)
billboard = 2
texture = ExtResource("16_44lgj")

[node name="OmniLight3D" type="OmniLight3D" parent="Props/Table3/Sprite3D"]
transform = Transform3D(1.43331, 0, 1.06581e-13, 0, 1, 0, 7.10543e-15, 0, 1.54702, 0, 0.238576, 0)
light_color = Color(0.66803, 0.453526, 0, 1)

[node name="Sprite3D2" type="Sprite3D" parent="Props/Table3"]
transform = Transform3D(1, 0, 2.13163e-14, 0, 1, 0, 0, 0, 1, -0.625264, 1.60239, 3.05288)
billboard = 2
texture = ExtResource("16_44lgj")

[node name="OmniLight3D" type="OmniLight3D" parent="Props/Table3/Sprite3D2"]
transform = Transform3D(1.43331, 0, 1.06581e-13, 0, 1, 0, 7.10543e-15, 0, 1.54702, 0, 0.238576, 0)
light_color = Color(0.66803, 0.453526, 0, 1)

[node name="Sprite3D3" type="Sprite3D" parent="Props/Table3"]
transform = Transform3D(1, 0, 2.13163e-14, 0, 1, 0, 0, 0, 1, 24.2198, 1.73373, 7.25406)
billboard = 2
texture = ExtResource("16_44lgj")

[node name="OmniLight3D" type="OmniLight3D" parent="Props/Table3/Sprite3D3"]
transform = Transform3D(1.43331, 0, 1.06581e-13, 0, 1, 0, 7.10543e-15, 0, 1.54702, 0, 0.238576, 0)
light_color = Color(0.66803, 0.453526, 0, 1)

[node name="Sprite3D4" type="Sprite3D" parent="Props/Table3"]
transform = Transform3D(1, 0, 2.13163e-14, 0, 1, 0, 0, 0, 1, 37.7138, 1.73373, 7.53365)
billboard = 2
texture = ExtResource("16_44lgj")

[node name="OmniLight3D" type="OmniLight3D" parent="Props/Table3/Sprite3D4"]
transform = Transform3D(1.43331, 0, 1.06581e-13, 0, 1, 0, 7.10543e-15, 0, 1.54702, 0, 0.238576, 0)
light_color = Color(0.66803, 0.453526, 0, 1)

[node name="Sprite3D5" type="Sprite3D" parent="Props/Table3"]
transform = Transform3D(1.04194, -0.637306, 1.71714e-08, -4.6703e-08, 6.64785e-08, 0.369514, -0.494216, -1.34362, 1.28312e-09, 0.212312, 1.31035, 2.61906)
material_override = SubResource("StandardMaterial3D_vcn2n")
modulate = Color(0.625597, 0.625597, 0.625597, 1)
texture = ExtResource("18_ctbhi")

[node name="Sprite3D6" type="Sprite3D" parent="Props/Table3"]
transform = Transform3D(0.870511, 0.975369, 5.70922e-09, -4.6703e-08, 6.64785e-08, 0.369514, 0.756377, -1.12255, 1.62452e-08, 0.603021, 1.31035, 2.18404)
material_override = SubResource("StandardMaterial3D_vcn2n")
modulate = Color(0.454524, 0.454524, 0.454524, 1)
texture = ExtResource("18_ctbhi")

[node name="Sprite3D7" type="Sprite3D" parent="Props/Table3"]
transform = Transform3D(0.87051, 0.975369, 5.70922e-09, -4.6703e-08, 6.64785e-08, 0.369514, 0.756377, -1.12255, 1.62452e-08, 0.931553, 1.31035, 2.64946)
material_override = SubResource("StandardMaterial3D_vcn2n")
modulate = Color(0.454524, 0.454524, 0.454524, 1)
texture = ExtResource("18_ctbhi")

[node name="Sprite3D8" type="Sprite3D" parent="Props/Table3"]
transform = Transform3D(1, 0, 2.13163e-14, 0, 1, 0, 0, 0, 1, 1.21733, 1.47187, -0.628823)
billboard = 2
shaded = true
texture = ExtResource("19_q587o")

[node name="Table4" parent="Props" instance=ExtResource("2_30swa")]
transform = Transform3D(-0.697687, 0, -5.65103e-08, 0, 1, 0, 6.09937e-08, 0, -0.646402, 11.6896, 0.506103, -13.4226)

[node name="Table15" parent="Props" instance=ExtResource("2_30swa")]
transform = Transform3D(-0.697687, 0, -5.65103e-08, 0, 1, 0, 6.09937e-08, 0, -0.646402, 3.51387, 0.506103, -11.1611)

[node name="Table16" parent="Props" instance=ExtResource("2_30swa")]
transform = Transform3D(-0.697687, 0, -5.65103e-08, 0, 1, 0, 6.09937e-08, 0, -0.646402, 3.51387, 0.506103, -15.4538)

[node name="Furnace" type="MeshInstance3D" parent="Props"]
transform = Transform3D(-4.37114e-08, 0, 1, 0, 1, 0, -1, 0, -4.37114e-08, 7.72589, 0.736066, -9.40713)
mesh = ExtResource("12_28pbo")
skeleton = NodePath("../..")

[node name="OmniLight3D" type="OmniLight3D" parent="Props/Furnace"]
transform = Transform3D(1, 0, 0, 0, 1, 0, 0, 0, 1, 0.410048, 0.167232, -0.0263348)
light_color = Color(1, 0.597778, 0.111319, 1)
light_energy = 6.029
light_size = 0.343
omni_range = 5.73285

[node name="Sprite3D" type="Sprite3D" parent="Props/Furnace"]
transform = Transform3D(0.00902606, 0, -1.00378, 0, 1.35671, 0, 1.72384, 0, 0.00525581, 0.402509, 0.0772424, 0.00502491)
shaded = true
texture = ExtResource("13_5atqt")

[node name="Sprite3D2" type="Sprite3D" parent="Props/Furnace"]
physics_interpolation_mode = 2
transform = Transform3D(0.0782769, 0, -1.01876, 0, 1.08297, 0, 1.351, 0, 0.0590268, -0.0380154, 0.781273, 0.0207286)
billboard = 2
shaded = true
texture = ExtResource("14_io47d")

[node name="AudioStreamPlayer3D" type="AudioStreamPlayer3D" parent="Props/Furnace"]
transform = Transform3D(1, 0, 0, 0, 1, 0, 0, 0, 1, 2.12722, 0.0274954, 0.0046196)
stream = ExtResource("23_y6wwk")
volume_db = -0.976
unit_size = 29.45
pitch_scale = 1.32
autoplay = true
max_distance = 4.7
panning_strength = 3.0
emission_angle_enabled = true
emission_angle_degrees = 89.0
emission_angle_filter_attenuation_db = 0.0

[node name="CoatHanger" type="Sprite3D" parent="Props"]
transform = Transform3D(1.12295, 0, 0.890914, 0, 1.26526, 0, -0.686445, 0, 1.45743, -11.9543, 1.40781, -42.2297)
gi_mode = 2
gi_lightmap_scale = 2
modulate = Color(0.82606, 0.82606, 0.82606, 1)
pixel_size = 0.011
shaded = true
texture = ExtResource("15_tqlpo")

[node name="Scones" type="Node" parent="Props"]

[node name="WallScone" type="MeshInstance3D" parent="Props/Scones"]
transform = Transform3D(-0.5, 0, 4.37114e-08, 0, 0.5, 0, -4.37114e-08, 0, -0.5, -8.20456, 2.77403, -24.4935)
mesh = ExtResource("16_jshgn")
skeleton = NodePath("../..")

[node name="Sprite3D" type="Sprite3D" parent="Props/Scones/WallScone"]
transform = Transform3D(-4.37114e-08, 0, 1, 0, 1, 0, -1, 0, -4.37114e-08, -0.383024, 0.251076, -0.424999)
texture = ExtResource("17_aty35")

[node name="OmniLight3D" type="OmniLight3D" parent="Props/Scones/WallScone"]
transform = Transform3D(2, 0, 0, 0, 2, 0, 0, 0, 2, -0.38578, 0.354951, -0.417973)
light_color = Color(0.813158, 0.428913, 1.92523e-07, 1)
light_energy = 0.563
light_indirect_energy = 0.0
light_specular = 0.0

[node name="WallScone8" type="MeshInstance3D" parent="Props/Scones"]
transform = Transform3D(0.12941, 0, 0.482963, 0, 0.5, 0, -0.482963, 0, 0.12941, -1.3925, 2.77403, -21.1347)
mesh = ExtResource("16_jshgn")
skeleton = NodePath("../..")

[node name="Sprite3D" type="Sprite3D" parent="Props/Scones/WallScone8"]
transform = Transform3D(-4.37114e-08, 0, 1, 0, 1, 0, -1, 0, -4.37114e-08, -0.383024, 0.251076, -0.424999)
texture = ExtResource("17_aty35")

[node name="OmniLight3D" type="OmniLight3D" parent="Props/Scones/WallScone8"]
transform = Transform3D(2, 0, 0, 0, 2, 0, 0, 0, 2, -0.38578, 0.354951, -0.417973)
light_color = Color(0.813158, 0.428913, 1.92523e-07, 1)
light_energy = 0.563
light_indirect_energy = 0.0
light_specular = 0.0

[node name="WallScone4" type="MeshInstance3D" parent="Props/Scones"]
transform = Transform3D(-2.98023e-08, 0, -0.5, 0, 0.5, 0, 0.5, 0, -2.98023e-08, -2.46197, 2.77403, -19.0362)
mesh = ExtResource("16_jshgn")
skeleton = NodePath("../..")

[node name="Sprite3D" type="Sprite3D" parent="Props/Scones/WallScone4"]
transform = Transform3D(-4.37114e-08, 0, 1, 0, 1, 0, -1, 0, -4.37114e-08, -0.383024, 0.251076, -0.424999)
texture = ExtResource("17_aty35")

[node name="OmniLight3D" type="OmniLight3D" parent="Props/Scones/WallScone4"]
transform = Transform3D(2, 0, 0, 0, 2, 0, 0, 0, 2, -0.38578, 0.354951, -0.417973)
light_color = Color(0.813158, 0.428913, 1.92523e-07, 1)
light_energy = 0.563
light_indirect_energy = 0.0
light_specular = 0.0

[node name="WallScone6" type="MeshInstance3D" parent="Props/Scones"]
transform = Transform3D(7.35137e-08, 0, 0.5, 0, 0.5, 0, -0.5, 0, 7.35137e-08, -3.94799, 2.77403, -9.25333)
mesh = ExtResource("16_jshgn")
skeleton = NodePath("../..")

[node name="Sprite3D" type="Sprite3D" parent="Props/Scones/WallScone6"]
transform = Transform3D(-4.37114e-08, 0, 1, 0, 1, 0, -1, 0, -4.37114e-08, -0.383024, 0.251076, -0.424999)
texture = ExtResource("17_aty35")

[node name="OmniLight3D" type="OmniLight3D" parent="Props/Scones/WallScone6"]
transform = Transform3D(2, 0, 0, 0, 2, 0, 0, 0, 2, -0.38578, 0.354951, -0.417973)
light_color = Color(0.813158, 0.428913, 1.92523e-07, 1)
light_energy = 0.563
light_indirect_energy = 0.0
light_specular = 0.0

[node name="WallScone7" type="MeshInstance3D" parent="Props/Scones"]
transform = Transform3D(7.35137e-08, 0, 0.5, 0, 0.5, 0, -0.5, 0, 7.35137e-08, -6.70119, 2.77403, -9.25333)
mesh = ExtResource("16_jshgn")
skeleton = NodePath("../..")

[node name="Sprite3D" type="Sprite3D" parent="Props/Scones/WallScone7"]
transform = Transform3D(-4.37114e-08, 0, 1, 0, 1, 0, -1, 0, -4.37114e-08, -0.383024, 0.251076, -0.424999)
texture = ExtResource("17_aty35")

[node name="OmniLight3D" type="OmniLight3D" parent="Props/Scones/WallScone7"]
transform = Transform3D(2, 0, 0, 0, 2, 0, 0, 0, 2, -0.38578, 0.354951, -0.417973)
light_color = Color(0.813158, 0.428913, 1.92523e-07, 1)
light_energy = 0.563
light_indirect_energy = 0.0
light_specular = 0.0

[node name="WallScone5" type="MeshInstance3D" parent="Props/Scones"]
transform = Transform3D(-2.98023e-08, 0, -0.5, 0, 0.5, 0, 0.5, 0, -2.98023e-08, 0.928781, 2.77403, -19.0362)
mesh = ExtResource("16_jshgn")
skeleton = NodePath("../..")

[node name="Sprite3D" type="Sprite3D" parent="Props/Scones/WallScone5"]
transform = Transform3D(-4.37114e-08, 0, 1, 0, 1, 0, -1, 0, -4.37114e-08, -0.383024, 0.251076, -0.424999)
texture = ExtResource("17_aty35")

[node name="OmniLight3D" type="OmniLight3D" parent="Props/Scones/WallScone5"]
transform = Transform3D(2, 0, 0, 0, 2, 0, 0, 0, 2, -0.38578, 0.354951, -0.417973)
light_color = Color(0.813158, 0.428913, 1.92523e-07, 1)
light_energy = 0.563
light_indirect_energy = 0.0
light_specular = 0.0

[node name="WallScone2" type="MeshInstance3D" parent="Props/Scones"]
transform = Transform3D(-0.5, 0, 4.37114e-08, 0, 0.5, 0, -4.37114e-08, 0, -0.5, -8.20456, 2.77403, -27.2089)
mesh = ExtResource("16_jshgn")
skeleton = NodePath("../..")

[node name="Sprite3D" type="Sprite3D" parent="Props/Scones/WallScone2"]
transform = Transform3D(-4.37114e-08, 0, 1, 0, 1, 0, -1, 0, -4.37114e-08, -0.383024, 0.251076, -0.424999)
texture = ExtResource("17_aty35")

[node name="OmniLight3D" type="OmniLight3D" parent="Props/Scones/WallScone2"]
transform = Transform3D(2, 0, 0, 0, 2, 0, 0, 0, 2, -0.38578, 0.354951, -0.417973)
light_color = Color(0.813158, 0.428913, 1.92523e-07, 1)
light_energy = 0.563
light_indirect_energy = 0.0
light_specular = 0.0

[node name="WallScone18" type="MeshInstance3D" parent="Props/Scones"]
transform = Transform3D(-0.5, 0, 4.37114e-08, 0, 0.5, 0, -4.37114e-08, 0, -0.5, -8.20456, 2.77403, -27.2089)
mesh = ExtResource("16_jshgn")
skeleton = NodePath("../..")

[node name="Sprite3D" type="Sprite3D" parent="Props/Scones/WallScone18"]
