[gd_scene load_steps=16 format=3 uid="uid://df12t2ns8g3t"]

[ext_resource type="Script" path="res://Scripts/world.gd" id="1_2tgoh"]
[ext_resource type="Material" uid="uid://bqtcicoo80scm" path="res://Assets/Materials/Wall.tres" id="2_7wvqw"]
[ext_resource type="Material" uid="uid://dwwvlcqxhu1gc" path="res://Assets/Materials/StoneFloor.tres" id="3_epals"]
[ext_resource type="PackedScene" uid="uid://dqy18kkgelm8v" path="res://ImportedObjects/player.tscn" id="4_cw8sr"]
[ext_resource type="PackedScene" uid="uid://bm4wn3ad0x10y" path="res://ImportedObjects/syringe.tscn" id="5_1i1ju"]
[ext_resource type="PackedScene" uid="uid://nr2e8757jpna" path="res://ImportedObjects/Door.tscn" id="5_34pwe"]
[ext_resource type="PackedScene" uid="uid://bqvpproeejs4u" path="res://Scenes/cutscene_manager.tscn" id="6_446tq"]
[ext_resource type="PackedScene" uid="uid://2dugpd4qs2xb" path="res://ImportedObjects/book_1.tscn" id="8_icvhi"]
[ext_resource type="PackedScene" path="res://Scenes/PauseMenu.tscn" id="8_norkc"]
[ext_resource type="AudioStream" uid="uid://ci4rx4y2axuyh" path="res://Assets/Sounds/music'/ISLH_Ambience.mp3" id="9_tsj3l"]
[ext_resource type="PackedScene" uid="uid://bbfjf4t2g3wo2" path="res://Scenes/notes.tscn" id="11_le4nv"]

[sub_resource type="WorldBoundaryShape3D" id="WorldBoundaryShape3D_l3juq"]

[sub_resource type="ProceduralSkyMaterial" id="ProceduralSkyMaterial_0ly1j"]
sky_top_color = Color(0.163791, 0.103618, 0.111319, 1)
sky_horizon_color = Color(0, 0, 0, 1)
sky_curve = 0.344609
sky_cover_modulate = Color(0.0177324, 0.0177324, 0.0177324, 1)
ground_bottom_color = Color(0, 0, 0, 1)
ground_horizon_color = Color(0, 0, 0, 1)
ground_curve = 1.28

[sub_resource type="Sky" id="Sky_u6nfc"]
sky_material = SubResource("ProceduralSkyMaterial_0ly1j")

[sub_resource type="Environment" id="Environment_gymtj"]
background_mode = 2
sky = SubResource("Sky_u6nfc")
tonemap_mode = 2
glow_enabled = true
fog_enabled = true
fog_mode = 1
fog_light_color = Color(0.437363, 0.302813, 0.208281, 1)
fog_light_energy = 0.15
fog_density = 1.0
fog_sky_affect = 0.275
fog_height = 20.28
fog_height_density = -16.0
fog_depth_curve = 0.450625
fog_depth_begin = -9.0
fog_depth_end = 809.5
volumetric_fog_density = 0.0421
volumetric_fog_albedo = Color(0.792866, 0.529766, 0.31005, 1)
volumetric_fog_emission = Color(0.163436, 0.0997671, 0.193719, 1)
volumetric_fog_emission_energy = 55.4
volumetric_fog_gi_inject = 0.61
volumetric_fog_anisotropy = -0.9
volumetric_fog_length = 1024.0
volumetric_fog_detail_spread = 1.21838
volumetric_fog_ambient_inject = 0.84
volumetric_fog_sky_affect = 0.0
adjustment_enabled = true
adjustment_brightness = 0.66
adjustment_contrast = 1.08
adjustment_saturation = 0.45

[node name="World" type="Node3D"]
script = ExtResource("1_2tgoh")

[node name="WorldFloorCollision" type="StaticBody3D" parent="."]

[node name="CollisionShape3D" type="CollisionShape3D" parent="WorldFloorCollision"]
shape = SubResource("WorldBoundaryShape3D_l3juq")

[node name="DirectionalLight3D" type="DirectionalLight3D" parent="."]
transform = Transform3D(-0.866025, -0.433013, 0.25, 0, 0.5, 0.866025, -0.5, 0.75, -0.433013, 0, 0, 0)
visible = false
shadow_enabled = true

[node name="WorldEnvironment" type="WorldEnvironment" parent="."]
environment = SubResource("Environment_gymtj")

[node name="Wall" type="CSGBox3D" parent="."]
transform = Transform3D(0.00863932, -0.999963, 5.25576e-06, -4.71437e-06, -5.29577e-06, -1, 0.999963, 0.00863932, -4.75893e-06, 2.23553, 2.07604, -3.11613)
use_collision = true
size = Vector3(9.05884, 0.001, 4)
material = ExtResource("2_7wvqw")

[node name="Wall2" type="CSGBox3D" parent="."]
transform = Transform3D(-0.999981, 0.0060652, 0.000701164, -0.000700815, 5.98129e-05, -1, -0.00606525, -0.999982, -5.55646e-05, -5.61037, 2.02841, 1.28999)
use_collision = true
size = Vector3(16, 0.001, 4)
material = ExtResource("2_7wvqw")

[node name="Wall4" type="CSGBox3D" parent="."]
transform = Transform3D(-0.999981, 0.0060652, 0.000701164, -0.000700815, 5.98129e-05, -1, -0.00606525, -0.999982, -5.55646e-05, -5.61037, 2.02841, -7.67819)
use_collision = true
size = Vector3(16, 0.001, 4)
material = ExtResource("2_7wvqw")

[node name="Wall3" type="CSGBox3D" parent="."]
transform = Transform3D(0.0123615, 0.999923, 0.00123656, 0.0025345, 0.00120534, -0.999996, -0.99992, 0.0123646, -0.00251941, -13.4936, 2.02106, -3.23811)
use_collision = true
size = Vector3(9, 0.001, 4)
material = ExtResource("2_7wvqw")

[node name="StoneFloor" type="CSGBox3D" parent="."]
transform = Transform3D(1, 0, 0, 0, 1, 0, 0, 0, 1, -9.49686, 0.488018, -5.01859)
size = Vector3(26, 0.001, 17)
material = ExtResource("3_epals")

[node name="UselessMass" type="CSGBox3D" parent="."]
transform = Transform3D(1, 0, 0, 0, 1, 0, 0, 0, 1, -6.26747, 0.677854, 0.5692)
use_collision = true
size = Vector3(4.01953, 0.787598, 1)

[node name="Player" parent="." instance=ExtResource("4_cw8sr")]
transform = Transform3D(1.3, 0, 0, 0, 1.3, 0, 0, 0, 1.3, -1.27161, 0.488518, -3.21524)

[node name="Ambeince" type="AudioStreamPlayer3D" parent="Player"]
transform = Transform3D(1, 0, 0, 0, 1, 0, 0, 0, 1, 1.27161, -0.488518, -1.14444)
stream = ExtResource("9_tsj3l")
volume_db = -22.592
unit_size = 100.0
pitch_scale = 0.85
autoplay = true

[node name="syringe" parent="." instance=ExtResource("5_1i1ju")]
transform = Transform3D(1, 0, 0, 0, 1, 0, 0, 0, 1, -5, 1, -6)
prompt_message = "Pick Up Syringe"

[node name="Door" parent="." instance=ExtResource("5_34pwe")]
transform = Transform3D(0.999432, 0, 0.0337134, 0, 0.867407, 0, -0.0337134, 0, 0.999432, 2.22281, 1.54782, -3.34751)

[node name="OmniLight3D" type="OmniLight3D" parent="Door"]
transform = Transform3D(1, 0, 0, 0, 1, 0, 0, 0, 1, -0.869874, 0.0136399, -0.00389004)
light_color = Color(0.606291, 0.192335, 0, 1)
light_energy = 0.698
light_indirect_energy = 1.94
light_volumetric_fog_energy = 0.62
light_size = 0.49
light_specular = 2.055

[node name="GUI" type="CanvasLayer" parent="."]

[node name="timer_lbl" type="Label" parent="GUI"]
unique_name_in_owner = true
visible = false
anchors_preset = 12
anchor_top = 1.0
anchor_right = 1.0
anchor_bottom = 1.0
offset_top = -23.0
grow_horizontal = 2
grow_vertical = 0
text = "Time Left: {T}s"
horizontal_alignment = 1
vertical_alignment = 1

[node name="PauseMenu" parent="GUI" instance=ExtResource("8_norkc")]

[node name="CutsceneManager" parent="." instance=ExtResource("6_446tq")]
unique_name_in_owner = true

[node name="MaddieTimer" type="Timer" parent="."]
autostart = true

[node name="Book1" parent="." instance=ExtResource("8_icvhi")]
transform = Transform3D(1, 0, 0, 0, 1, 0, 0, 0, 1, 0.421384, 1.44738, -6.64461)

[node name="Note" parent="." instance=ExtResource("11_le4nv")]
transform = Transform3D(0.954735, 0, -0.297458, 0, 1, 0, 0.297458, 0, 0.954735, -5.39567, 1.09033, 0.659075)
note = "[wave]Hello World!!![/wave]"

[connection signal="interacted" from="Door" to="." method="_on_door_interacted"]
