[gd_scene load_steps=16 format=3 uid="uid://df12t2ns8g3t"]

[ext_resource type="Script" path="res://Scripts/world.gd" id="1_2tgoh"]
[ext_resource type="Material" uid="uid://bqtcicoo80scm" path="res://Assets/Materials/Wall.tres" id="2_7wvqw"]
[ext_resource type="Material" uid="uid://dwwvlcqxhu1gc" path="res://Assets/Materials/StoneFloor.tres" id="3_epals"]
[ext_resource type="PackedScene" uid="uid://dqy18kkgelm8v" path="res://ImportedObjects/player.tscn" id="4_cw8sr"]
[ext_resource type="PackedScene" uid="uid://bm4wn3ad0x10y" path="res://ImportedObjects/syringe.tscn" id="5_1i1ju"]
[ext_resource type="PackedScene" uid="uid://nr2e8757jpna" path="res://ImportedObjects/Door.tscn" id="5_34pwe"]
[ext_resource type="PackedScene" uid="uid://bqvpproeejs4u" path="res://Scenes/cutscene_manager.tscn" id="6_446tq"]
[ext_resource type="PackedScene" uid="uid://2dugpd4qs2xb" path="res://ImportedObjects/book_1.tscn" id="8_icvhi"]
[ext_resource type="PackedScene" path="res://Scenes/PauseMenu.tscn" id="8_norkc"]
[ext_resource type="AudioStream" uid="uid://ci4rx4y2axuyh" path="res://Assets/Sounds/music'/ISLH_Ambience.mp3" id="9_tsj3l"]
[ext_resource type="PackedScene" uid="uid://bbfjf4t2g3wo2" path="res://Scenes/notes.tscn" id="11_le4nv"]

[sub_resource type="WorldBoundaryShape3D" id="WorldBoundaryShape3D_l3juq"]

[sub_resource type="ProceduralSkyMaterial" id="ProceduralSkyMaterial_0ly1j"]
sky_top_color = Color(0.163791, 0.103618, 0.111319, 1)
sky_horizon_color = Color(0, 0, 0, 1)
sky_curve = 0.344609
sky_cover_modulate = Color(0.0177324, 0.0177324, 0.0177324, 1)
ground_bottom_color = Color(0, 0, 0, 1)
ground_horizon_color = Color(0, 0, 0, 1)
ground_curve = 1.28

[sub_resource type="Sky" id="Sky_u6nfc"]
sky_material = SubResource("ProceduralSkyMaterial_0ly1j")

[sub_resource type="Environment" id="Environment_gymtj"]
background_mode = 2
sky = SubResource("Sky_u6nfc")
tonemap_mode = 2
glow_enabled = true
fog_enabled = true
fog_mode = 1
fog_light_color = Color(0.437363, 0.302813, 0.208281, 1)
fog_light_energy = 0.15
fog_density = 1.0
fog_sky_affect = 0.275
fog_height = 20.28
fog_height_density = -16.0
fog_depth_curve = 0.450625
fog_depth_begin = -9.0
fog_depth_end = 809.5
volumetric_fog_density = 0.0421
volumetric_fog_albedo = Color(0.792866, 0.529766, 0.31005, 1)
volumetric_fog_emission = Color(0.163436, 0.0997671, 0.193719, 1)
volumetric_fog_emission_energy = 55.4
volumetric_fog_gi_inject = 0.61
volumetric_fog_anisotropy = -0.9
volumetric_fog_length = 1024.0
volumetric_fog_detail_spread = 1.21838
volumetric_fog_ambient_inject = 0.84
volumetric_fog_sky_affect = 0.0
adjustment_enabled = true
adjustment_brightness = 0.66
adjustment_contrast = 1.08
adjustment_saturation = 0.45

[node name="World" type="Node3D"]
script = ExtResource("1_2tgoh")

[node name="WorldFloorCollision" type="StaticBody3D" parent="."]

[node name="CollisionShape3D" type="CollisionShape3D" parent="WorldFloorCollision"]
shape = SubResource("WorldBoundaryShape3D_l3juq")

[node name="DirectionalLight3D" type="DirectionalLight3D" parent="."]
transform = Transform3D(-0.866025, -0.433013, 0.25, 0, 0.5, 0.866025, -0.5, 0.75, -0.433013, 0, 0, 0)
visible = false
shadow_enabled = true

[node name="WorldEnvironment" type="WorldEnvironment" parent="."]
environment = SubResource("Environment_gymtj")

[node name="Wall" type="CSGBox3D" parent="."]
transform = Transform3D(0.00863932, -0.999963, 5.25576e-06, -4.71437e-06, -5.29577e-06, -1, 0.999963, 0.00863932, -4.75893e-06, 2.23553, 2.07604, -3.11613)
use_collision = true
size = Vector3(9.05884, 0.001, 4)
material = ExtResource("2_7wvqw")

[node name="Wall2" type="CSGBox3D" parent="."]
transform = Transform3D(-0.999981, 0.0060652, 0.000701164, -0.000700815, 5.98129e-05, -1, -0.00606525, -0.999982, -5.55646e-05, -5.61037, 2.02841, 1.28999)
use_collision = true
size = Vector3(16, 0.001, 4)
material = ExtResource("2_7wvqw")

[node name="Wall4" type="CSGBox3D" parent="."]
transform = Transform3D(-0.999981, 0.0060652, 0.000701164, -0.000700815, 5.98129e-05, -1, -0.00606525, -0.999982, -5.55646e-05, -1.10743, 2.03159, -8.15039)
use_collision = true
size = Vector3(7, 1, 4)
material = ExtResource("2_7wvqw")

[node name="Wall6" type="CSGBox3D" parent="."]
transform = Transform3D(0.00606529, 0.999982, 5.55646e-05, -0.000700815, 5.98129e-05, -1, -0.999981, 0.00606524, 0.000701164, 1.9047, 2.03019, -14.1503)
use_collision = true
size = Vector3(11, 1, 4)
material = ExtResource("2_7wvqw")

[node name="Wall29" type="CSGBox3D" parent="."]
transform = Transform3D(0.00606529, 0.999982, 5.55646e-05, -0.000700815, 5.98129e-05, -1, -0.999981, 0.00606524, 0.000701164, 1.83543, 6.02634, -19.6502)
use_collision = true
size = Vector3(22, 1, 4)
material = ExtResource("2_7wvqw")

[node name="Wall17" type="CSGBox3D" parent="."]
transform = Transform3D(0.00606529, 0.999982, 5.55646e-05, -0.000700815, 5.98129e-05, -1, -0.999981, 0.00606524, 0.000701164, 1.84739, 2.19888, -30.1698)
use_collision = true
size = Vector3(7, 1, 4.40396)
material = ExtResource("2_7wvqw")

[node name="Wall34" type="CSGBox3D" parent="."]
transform = Transform3D(0.00606529, 0.999982, 5.55646e-05, -0.000700815, 5.98129e-05, -1, -0.999981, 0.00606524, 0.000701164, 1.89562, 4.1204, -34.6738)
use_collision = true
size = Vector3(2.04395, 1, 0.57312)
material = ExtResource("2_7wvqw")

[node name="Wall36" type="CSGBox3D" parent="."]
transform = Transform3D(0.00606529, 0.999982, 5.55646e-05, -0.000700815, 5.98129e-05, -1, -0.999981, 0.00606524, 0.000701164, 1.84736, 4.1204, -25.6738)
use_collision = true
size = Vector3(2.04395, 1, 0.57312)
material = ExtResource("2_7wvqw")

[node name="Wall35" type="CSGBox3D" parent="."]
transform = Transform3D(0.999981, -0.00606519, -0.000701164, -0.000700815, 5.98129e-05, -1, 0.00606525, 0.999982, 5.55647e-05, 7.44381, 7.74816, -20.1956)
use_collision = true
size = Vector3(2.04395, 1, 0.57312)
material = ExtResource("2_7wvqw")

[node name="Wall20" type="CSGBox3D" parent="."]
transform = Transform3D(0.00606529, 0.999982, 5.55646e-05, -0.000700815, 5.98129e-05, -1, -0.999981, 0.00606524, 0.000701164, 1.88348, 2.03264, -22.6504)
use_collision = true
size = Vector3(4, 1, 4)
material = ExtResource("2_7wvqw")

[node name="Wall18" type="CSGBox3D" parent="."]
transform = Transform3D(0.00606529, 0.999982, 5.55646e-05, -0.000700815, 5.98129e-05, -1, -0.999981, 0.00606524, 0.000701164, 1.89753, 2.19673, -39.1696)
use_collision = true
size = Vector3(7, 0.948242, 4.40527)
material = ExtResource("2_7wvqw")

[node name="Wall12" type="CSGBox3D" parent="."]
transform = Transform3D(0.999981, -0.00606529, -0.000701164, -0.000700815, 5.98129e-05, -1, 0.00606534, 0.999982, 5.55646e-05, 7.40471, 2.03054, -8.15338)
use_collision = true
size = Vector3(10, 1, 4)
material = ExtResource("2_7wvqw")

[node name="Wall19" type="CSGBox3D" parent="."]
transform = Transform3D(0.999981, -0.00606529, -0.000701164, -0.000700815, 5.98129e-05, -1, 0.00606534, 0.999982, 5.55646e-05, 7.40471, 6.03054, -8.15338)
use_collision = true
size = Vector3(12, 1, 4)
material = ExtResource("2_7wvqw")

[node name="Wall16" type="CSGBox3D" parent="."]
transform = Transform3D(0.999981, -0.00606529, -0.000701164, -0.000700815, 5.98129e-05, -1, 0.00606534, 0.999982, 5.55646e-05, 0.404562, 2.02494, -43.1049)
use_collision = true
size = Vector3(26, 1, 4)
material = ExtResource("2_7wvqw")

[node name="Wall25" type="CSGBox3D" parent="."]
transform = Transform3D(0.999981, -0.00606529, -0.000701164, -0.000700815, 5.98129e-05, -1, 0.00606534, 0.999982, 5.55646e-05, 0.404562, 6.02494, -43.1049)
use_collision = true
size = Vector3(26, 1, 4)
material = ExtResource("2_7wvqw")

[node name="Wall15" type="CSGBox3D" parent="."]
transform = Transform3D(0.00606529, 0.999982, 5.55646e-05, -0.000700815, 5.98129e-05, -1, -0.999981, 0.00606524, 0.000701164, 12.9736, 2.02178, -25.2015)
use_collision = true
size = Vector3(35, 1, 4)
material = ExtResource("2_7wvqw")

[node name="Wall27" type="CSGBox3D" parent="."]
transform = Transform3D(0.00606529, 0.999982, 5.55646e-05, -0.000700815, 5.98129e-05, -1, -0.999981, 0.00606524, 0.000701164, 12.9766, 6.02143, -25.7015)
use_collision = true
size = Vector3(34, 1, 4)
material = ExtResource("2_7wvqw")

[node name="Wall13" type="CSGBox3D" parent="."]
transform = Transform3D(0.999981, -0.00606529, -0.000701164, -0.000700815, 5.98129e-05, -1, 0.00606534, 0.999982, 5.55646e-05, 4.40477, 2.03264, -20.1716)
use_collision = true
size = Vector3(4, 1, 4)
material = ExtResource("2_7wvqw")

[node name="Wall31" type="CSGBox3D" parent="."]
transform = Transform3D(0.999981, -0.00606529, -0.000701164, -0.000700815, 5.98129e-05, -1, 0.00606534, 0.999982, 5.55646e-05, 4.40477, 6.03264, -20.1716)
use_collision = true
size = Vector3(4, 1, 4)
material = ExtResource("2_7wvqw")

[node name="Wall14" type="CSGBox3D" parent="."]
transform = Transform3D(0.999981, -0.00606529, -0.000701164, -0.000700815, 5.98129e-05, -1, 0.00606534, 0.999982, 5.55646e-05, 10.4492, 2.03264, -20.1716)
use_collision = true
size = Vector3(4, 1, 4)
material = ExtResource("2_7wvqw")

[node name="Wall30" type="CSGBox3D" parent="."]
transform = Transform3D(0.999981, -0.00606529, -0.000701164, -0.000700815, 5.98129e-05, -1, 0.00606534, 0.999982, 5.55646e-05, 10.4492, 6.03264, -20.1716)
use_collision = true
size = Vector3(4, 1, 4)
material = ExtResource("2_7wvqw")

[node name="Wall8" type="CSGBox3D" parent="."]
transform = Transform3D(-0.999981, 0.0060652, 0.000701164, -0.000700815, 5.98129e-05, -1, -0.00606525, -0.999982, -5.55647e-05, -2.13562, 2.03157, -20.1148)
use_collision = true
size = Vector3(9.08057, 1, 4)
material = ExtResource("2_7wvqw")

[node name="Wall21" type="CSGBox3D" parent="."]
transform = Transform3D(0.00606529, 0.999982, 5.55647e-05, -0.000700815, 5.98129e-05, -1, -0.999981, 0.00606524, 0.000701164, 1.91123, -2.42912, -21.215)
use_collision = true
size = Vector3(18, 1, 4.91992)
material = ExtResource("2_7wvqw")

[node name="Wall22" type="CSGBox3D" parent="."]
transform = Transform3D(0.00606529, 0.999982, 5.55647e-05, -0.000700815, 5.98129e-05, -1, -0.999981, 0.00606524, 0.000701164, -7.09148, -2.69903, -20.7756)
use_collision = true
size = Vector3(18.2744, 1, 4.45264)
material = ExtResource("2_7wvqw")

[node name="Wall23" type="CSGBox3D" parent="."]
transform = Transform3D(0.999981, -0.00606519, -0.000701164, -0.000700815, 5.98129e-05, -1, 0.00606525, 0.999982, 5.55647e-05, -2.4488, -2.78091, -29.9999)
use_collision = true
size = Vector3(10, 1, 4.51953)
material = ExtResource("2_7wvqw")

[node name="Wall24" type="CSGBox3D" parent="."]
transform = Transform3D(0.999981, -0.00606519, -0.000701164, -0.000700815, 5.98129e-05, -1, 0.00606525, 0.999982, 5.55647e-05, -2.44917, -2.68004, -12.0189)
use_collision = true
size = Vector3(10, 1, 4.55457)
material = ExtResource("2_7wvqw")

[node name="Wall9" type="CSGBox3D" parent="."]
transform = Transform3D(-0.999981, 0.0060652, 0.000701164, -0.000700815, 5.98129e-05, -1, -0.00606525, -0.999982, -5.55647e-05, -2.59532, 2.03124, -30.1413)
use_collision = true
size = Vector3(8, 1, 4)
material = ExtResource("2_7wvqw")

[node name="Wall10" type="CSGBox3D" parent="."]
transform = Transform3D(-0.00606521, -0.999982, -5.55646e-05, -0.000700815, 5.98129e-05, -1, 0.999981, -0.00606515, -0.000701164, -7.10746, 2.03019, -22.1383)
use_collision = true
size = Vector3(5, 1, 4)
material = ExtResource("2_7wvqw")

[node name="Wall11" type="CSGBox3D" parent="."]
transform = Transform3D(-0.00606521, -0.999982, -5.55646e-05, -0.000700815, 5.98129e-05, -1, 0.999981, -0.00606515, -0.000701164, -7.10443, 2.03054, -28.6382)
use_collision = true
size = Vector3(4, 1, 4)
material = ExtResource("2_7wvqw")

[node name="Wall7" type="CSGBox3D" parent="."]
transform = Transform3D(0.00606529, 0.999982, 5.55646e-05, -0.000700815, 5.98129e-05, -1, -0.999981, 0.00606524, 0.000701164, -13.0225, 2.02178, -26.1501)
use_collision = true
size = Vector3(35, 1, 4)
material = ExtResource("2_7wvqw")

[node name="Wall26" type="CSGBox3D" parent="."]
transform = Transform3D(0.00606529, 0.999982, 5.55646e-05, -0.000700815, 5.98129e-05, -1, -0.999981, 0.00606524, 0.000701164, -12.9589, 6.01469, -36.652)
use_collision = true
size = Vector3(14, 1, 4)
material = ExtResource("2_7wvqw")

[node name="Wall5" type="CSGBox3D" parent="."]
transform = Transform3D(-0.999981, 0.0060652, 0.000701164, -0.000700815, 5.98129e-05, -1, -0.00606525, -0.999982, -5.55646e-05, -10.1074, 2.03159, -8.15039)
use_collision = true
size = Vector3(7, 1, 4)
material = ExtResource("2_7wvqw")

[node name="Wall32" type="CSGBox3D" parent="."]
transform = Transform3D(-0.999981, 0.0060652, 0.000701164, -0.000700815, 5.98129e-05, -1, -0.00606525, -0.999982, -5.55646e-05, -5.60751, 6.03475, -30.1231)
use_collision = true
size = Vector3(14, 1, 4)
material = ExtResource("2_7wvqw")

[node name="Wall3" type="CSGBox3D" parent="."]
transform = Transform3D(0.0123615, 0.999923, 0.00123656, 0.0025345, 0.00120534, -0.999996, -0.99992, 0.0123646, -0.00251941, -13.4936, 2.02106, -3.23811)
use_collision = true
size = Vector3(9, 0.001, 4)
material = ExtResource("2_7wvqw")

[node name="StoneFloor" type="CSGBox3D" parent="."]
transform = Transform3D(1, 0, 0, 0, 1, 0, 0, 0, 1, -7.95145, 0.0061035, -26.5186)
size = Vector3(10.9092, 1, 36)
material = ExtResource("3_epals")

[node name="StoneFloor6" type="CSGBox3D" parent="."]
transform = Transform3D(1, 0, 0, 0, 1, 0, 0, 0, 1, -5.90604, 0.0061035, -3.51859)
size = Vector3(17, 1, 10)
material = ExtResource("3_epals")

[node name="StoneFloor4" type="CSGBox3D" parent="."]
transform = Transform3D(1, 0, 0, 0, 1, 0, 0, 0, 1, 0.00314045, -0.00147514, -31.5186)
size = Vector3(5, 0.979986, 26)
material = ExtResource("3_epals")

[node name="StoneFloor5" type="CSGBox3D" parent="."]
transform = Transform3D(1, 0, 0, 0, 1, 0, 0, 0, 1, 0.00314045, -0.011482, -10.5186)
size = Vector3(5, 1, 4)
material = ExtResource("3_epals")

[node name="StoneFloor2" type="CSGBox3D" parent="."]
transform = Transform3D(1, 0, 0, 0, 1, 0, 0, 0, 1, 8.00314, 0.488018, -25.5186)
size = Vector3(11, 0.001, 36)
material = ExtResource("3_epals")

[node name="StoneFloor3" type="CSGBox3D" parent="."]
transform = Transform3D(1, 0, 0, 0, 1, 0, 0, 0, 1, 7.43904, 4.20306, -25.9185)
size = Vector3(10.1743, 0.420898, 35.0674)
material = ExtResource("3_epals")

[node name="StoneFloor7" type="CSGBox3D" parent="."]
transform = Transform3D(1, 0, 0, 0, 1, 0, 0, 0, 1, -5.4738, 4.20306, -14.3848)
size = Vector3(16, 0.420898, 32)
material = ExtResource("3_epals")

[node name="StoneFloor8" type="CSGBox3D" parent="."]
transform = Transform3D(1, 0, 0, 0, 1, 0, 0, 0, 1, 7.5262, 8.20306, -25.3848)
size = Vector3(12, 0.420898, 36)
material = ExtResource("3_epals")

[node name="StoneFloor9" type="CSGBox3D" parent="."]
transform = Transform3D(1, 0, 0, 0, 1, 0, 0, 0, 1, -5.9738, 8.20306, -36.3848)
size = Vector3(15, 0.420898, 14)
material = ExtResource("3_epals")

[node name="UselessMass" type="CSGBox3D" parent="."]
transform = Transform3D(1, 0, 0, 0, 1, 0, 0, 0, 1, -6.26747, 0.677854, 0.5692)
use_collision = true
size = Vector3(4.01953, 0.787598, 1)

[node name="Player" parent="." instance=ExtResource("4_cw8sr")]
transform = Transform3D(1.3, 0, 0, 0, 1.3, 0, 0, 0, 1.3, -1.27161, 0.488518, -3.21524)

[node name="Ambeince" type="AudioStreamPlayer3D" parent="Player"]
transform = Transform3D(1, 0, 0, 0, 1, 0, 0, 0, 1, 1.27161, -0.488518, -1.14444)
stream = ExtResource("9_tsj3l")
volume_db = -22.592
unit_size = 100.0
pitch_scale = 0.85
autoplay = true

[node name="syringe" parent="." instance=ExtResource("5_1i1ju")]
transform = Transform3D(1, 0, 0, 0, 1, 0, 0, 0, 1, -5, 1, -6)
prompt_message = "Pick Up Syringe"

[node name="Door" parent="." instance=ExtResource("5_34pwe")]
transform = Transform3D(0.999432, 0, 0.0337134, 0, 0.867407, 0, -0.0337134, 0, 0.999432, 2.22281, 1.54782, -3.34751)

[node name="OmniLight3D" type="OmniLight3D" parent="Door"]
transform = Transform3D(1, 0, 0, 0, 1, 0, 0, 0, 1, -0.869874, 0.0136399, -0.00389004)
light_color = Color(0.606291, 0.192335, 0, 1)
light_energy = 0.698
light_indirect_energy = 1.94
light_volumetric_fog_energy = 0.62
light_size = 0.49
light_specular = 2.055

[node name="GUI" type="CanvasLayer" parent="."]

[node name="timer_lbl" type="Label" parent="GUI"]
unique_name_in_owner = true
visible = false
anchors_preset = 12
anchor_top = 1.0
anchor_right = 1.0
anchor_bottom = 1.0
offset_top = -23.0
grow_horizontal = 2
grow_vertical = 0
text = "Time Left: {T}s"
horizontal_alignment = 1
vertical_alignment = 1

[node name="PauseMenu" parent="GUI" instance=ExtResource("8_norkc")]

[node name="CutsceneManager" parent="." instance=ExtResource("6_446tq")]
unique_name_in_owner = true

[node name="MaddieTimer" type="Timer" parent="."]
autostart = true

[node name="Book1" parent="." instance=ExtResource("8_icvhi")]
transform = Transform3D(1, 0, 0, 0, 1, 0, 0, 0, 1, 0.421384, 1.44738, -6.64461)

[node name="Note" parent="." instance=ExtResource("11_le4nv")]
transform = Transform3D(0.954735, 0, -0.297458, 0, 1, 0, 0.297458, 0, 0.954735, -5.39567, 1.09033, 0.659075)
note = "[wave]Hello World!!![/wave]"

[connection signal="interacted" from="Door" to="." method="_on_door_interacted"]
